0        ! 东平湖分洪类型 0：不进行分洪计算；1：时间过程计算分洪；2：通过控制流量确定分洪
117      ! 东平湖上游 孙口水文站编号
10000    ! 东平湖分洪控制流量
178  250 ! 分洪计算开始时间；结束时间
-100     ! 分洪小时过程,一个小时一个流量，第一小时
-345     !                                第二小时
-530
-635
-747.5
-777.5
-750
-725
-702.5
-687.5
-670
-685
-810
-1010
-1250
-1340
-1345
-1450
-1505
-1555
-1656
-1681
-1630
-1595
-1575
-1555
-1535
-1527.5
-1522.5
-1520
-1517.5
-1515
-1512.5
-1505
-1500
-1500
-1500
-1495
-1487.5
-1477.5
-1460
-1560
-1665
-1655
-1647.5
-1637.5
-1625
-1615
-1605
-1597.5
-1592.5
-1587.5
-1582.5
-1577.5
-1572.5
-1567.5
-1562.5
-1640
-1850
-2030
-2070
-2050
-2035
-2030
-2115
-2290
-1880
-1340
-1240
-1040
-740
-480
0.0