1	2012	6	18  2 40.7
2	2012	6	18	2	35.8
3	2012	6	18	2	35.1
4	2012	6	18	2	33.7
5	2012	6	18	1	31.6
6	2012	6	18	1	31.6
7	2012	6	18	2	32.3
8	2012	6	18	2	29.6
9	2012	6	18	2	24.8
10	2012	6	18	4	20.1
11	2012	6	18	2	15.7
12	2012	6	19	4	14.5
13	2012	6	19	6	14.5
14	2012	6	19	8	14.6
15	2012	6	19	4	14.6
16	2012	6	20	4	14.6
17	2012	6	20	8	14.7
18	2012	6	20	4	14.8
19	2012	6	20	4	14.8
20	2012	6	20	4	15.0
21	2012	6	21	4	15.0
22	2012	6	21	2	15.2
23	2012	6	21	6	15.4
24	2012	6	21	2	15.7
25	2012	6	21	2	15.8
26	2012	6	21	4	15.8
27	2012	6	21	4	16.7
28	2012	6	22	4	17.2
29	2012	6	22	8	17.2
30	2012	6	22	1	19.5
31	2012	6	22	1	20.2
32	2012	6	22	2	22.9
33	2012	6	22	2	23.8
34	2012	6	22	4	37.4
35	2012	6	22	2	37.4
36	2012	6	23	4	33.5
37	2012	6	23	2	27.3
38	2012	6	23	2	23.8
39	2012	6	23	1	25.0
40	2012	6	23	1	25.0
41	2012	6	23	2	24.4
42	2012	6	23	4	25.0
43	2012	6	23	2	25.0
44	2012	6	23	6	23.3
45	2012	6	24	4	22.9
46	2012	6	24	2	22.4
47	2012	6	24	6	23.8
48	2012	6	24	4	29.5
49	2012	6	24	6	44.2
50	2012	6	24	2	40.4
51	2012	6	25	4	37.2
52	2012	6	25	2	34.4
53	2012	6	25	2	30.6
54	2012	6	25	4	27.8
55	2012	6	25	6	25.0
56	2012	6	25	1	29.5
57	2012	6	25	1.5	37.2
58	2012	6	25	0.5	37.2
59	2012	6	25	1	34.4
60	2012	6	25	2	27.8
61	2012	6	26	4	23.8
62	2012	6	26	2	22.8
63	2012	6	26	4	23.3
64	2012	6	26	2	23.3
65	2012	6	26	4	23.8
66	2012	6	26	2	25.0
67	2012	6	26	6	25.6
68	2012	6	26	2	27.0
69	2012	6	27	2	30.6
70	2012	6	27	2	31.9
71	2012	6	27	6	44.2
72	2012	6	27	1	50.5
73	2012	6	27	1	50.5
74	2012	6	27	2	58.0
75	2012	6	27	2	58.0
76	2012	6	27	6	52.9
77	2012	6	28	4	44.2
78	2012	6	28	2	38.7
79	2012	6	28	6	35.7
80	2012	6	28	6	35.7
81	2012	6	28	6	33.1
82	2012	6	29	6	27.8
83	2012	6	29	6	34.4
84	2012	6	29	6	40.1
85	2012	6	29	6	35.5
86	2012	6	29	2	39.0
87	2012	6	30	4	52.3
88	2012	6	30	4	53.8
89	2012	6	30	2	58.5
90	2012	6	30	2	52.3
91	2012	6	30	6	43.4
92	2012	6	30	4	40.6
93	2012	7	1	4	40.0
94	2012	7	1	8	41.9
95	2012	7	1	6	45.9
96	2012	7	1	2	42.6
97	2012	7	1	4	40.0
98	2012	7	2	4	37.5
99	2012	7	2	2	35.1
100	2012	7	2	2	34.3
101	2012	7	2	4	33.7
102	2012	7	2	0.5	33.4
103	2012	7	2	1.5	33.4
104	2012	7	2	4	33.0
105	2012	7	2	2	32.9
106	2012	7	2	4	32.8
107	2012	7	3	4	32.7
108	2012	7	3	2	32.5
109	2012	7	3	6	32.6
110	2012	7	3	2	32.6
111	2012	7	3	4	35.2
112	2012	7	3	6	35.2
113	2012	7	4	4	36.8
114	2012	7	4	2	40.1
115	2012	7	4	3.5	48.0
116	2012	7	4	1	49.0
117	2012	7	4	1.5	51.8
118	2012	7	4	4	56.2
119	2012	7	4	2	60.8
120	2012	7	4	1	65.1
121	2012	7	4	0.5	65.8
122	2012	7	4	0.5	65.8
123	2012	7	4	4	69.7
124	2012	7	5	4	69.1
125	2012	7	5	5.5	78.6
126	2012	7	5	2.5	82.4
127	2012	7	5	2	84.8
128	2012	7	5	2	84.8
129	2012	7	5	4	83.6
130	2012	7	5	0.5	81.2
131	2012	7	5	1	80.5
132	2012	7	6	6.5	78.6
133	2012	7	6	4	73.7
134	2012	7	6	4	73.7
135	2012	7	6	4	70.4
136	2012	7	6	4	70.4
137	2012	7	6	4	71.5
138	2012	7	7	4	71.7
139	2012	7	7	4	71.6
140	2012	7	7	1	71.8
141	2012	7	7	1	71.8
142	2012	7	7	2	72.0
143	2012	7	7	8	72.0
144	2012	7	7	4	71.8
145	2012	7	8	4	71.3
146	2012	7	8	4	71.3
147	2012	7	8	1.5	71.0
148	2012	7	8	2.5	71.0
149	2012	7	8	2	71.2
150	2012	7	8	2	70.7
151	2012	7	8	4	69.3
152	2012	7	8	2	68.3
153	2012	7	8	2	65.9
154	2012	7	9	4	63.7
155	2012	7	9	4	70.5
156	2012	7	9	1.5	91.7
157	2012	7	9	1.5	104
158	2012	7	9	1	112
159	2012	7	9	0.5	114
160	2012	7	9	0.5	120
161	2012	7	9	1.5	129
162	2012	7	9	1.5	132
163	2012	7	9	1	132
164	2012	7	9	2	130
165	2012	7	9	1	128
166	2012	7	9	4	116
167	2012	7	9	1.5	118
168	2012	7	9	0.5	119
169	2012	7	9	0.5	119
170	2012	7	10	3.5	136
171	2012	7	10	1	153
172	2012	7	10	2.5	176
173	2012	7	10	0.5	177
174	2012	7	10	0.5	178
175	2012	7	10	0.5	182
176	2012	7	10	1	182
177	2012	7	10	1	178
178	2012	7	10	1	178
179	2012	7	10	1	174
180	2012	7	10	2	162
181	2012	7	10	3	143
182	2012	7	10	1	131
183	2012	7	10	0.5	128
184	2012	7	10	1	124
185	2012	7	10	0.5	118
186	2012	7	11	7	93.8
187	2012	7	11	6	76.0
188	2012	7	11	4	70.6
189	2012	7	11	4	67.8
190	2012	7	11	4	67.8
191	2012	7	12	12	78.8
192	2012	7	12	4	85.5
193	2012	7	12	8	92.8
194	2012	7	13	4	89.7
195	2012	7	13	8	86.5
196	2012	7	13	4	86.5
197	2012	7	13	1	83.9
198	2012	7	13	3	78.6
199	2012	7	13	1	76.3
200	2012	7	13	0.5	76.0
201	2012	7	13	0.5	76.0
202	2012	7	13	1	76.0
203	2012	7	13	0.5	76.2
204	2012	7	13	0.5	76.2
205	2012	7	13	0.5	76.3
206	2012	7	13	1.5	76.3
207	2012	7	13	0.5	76.4
208	2012	7	13	0.5	76.4
209	2012	7	13	0.5	76.5
210	2012	7	14	0.5	76.5
211	2012	7	14	0.5	76.6
212	2012	7	14	0.5	76.6
213	2012	7	14	0.5	76.7
214	2012	7	14	1	76.7
215	2012	7	14	0.5	76.8
216	2012	7	14	0.5	76.8
217	2012	7	14	0.5	76.9
218	2012	7	14	1.5	76.9
219	2012	7	14	1.5	77.4
220	2012	7	14	1	78.2
221	2012	7	14	1	79.3
222	2012	7	14	2	82.6
223	2012	7	14	1	85.1
224	2012	7	14	2	89.3
225	2012	7	14	2	92.1
226	2012	7	14	2	98.1
227	2012	7	14	0.5	98.1
228	2012	7	14	1.5	99.0
229	2012	7	14	2	102
230	2012	7	15	2	103
231	2012	7	15	8	99.0
232	2012	7	15	4	98.1
233	2012	7	15	4	96.2
234	2012	7	15	4	91.4
235	2012	7	16	9	84.6
236	2012	7	16	0.5	83.8
237	2012	7	16	1	83.8
238	2012	7	16	1.5	83.0
239	2012	7	16	8	79.7
240	2012	7	16	4	77.9
241	2012	7	17	12	77.8
242	2012	7	17	9	75.6
243	2012	7	17	1	75.3
244	2012	7	17	1	75.3
245	2012	7	17	1	74.9
246	2012	7	18	4	72.7
247	2012	7	18	8	70.6
248	2012	7	18	2	70.6
249	2012	7	18	2	70.0
250	2012	7	18	3.5	65.3
251	2012	7	18	0.5	65.3
252	2012	7	18	4	61.0
253	2012	7	19	12	61.6
254	2012	7	19	11	62.3
255	2012	7	19	3	62.4
256	2012	7	19	2	62.4
257	2012	7	20	5	62.7
258	2012	7	20	3	62.7
259	2012	7	20	1	62.7
260	2012	7	20	3	62.8
261	2012	7	20	8	62.8
262	2012	7	20	100	63.0
