-------------------------------------------------------------------------------------------------
 断面    流量     水位   含沙量  悬沙级配
-------------------------------------------------------------------------------------------------
   1   1000.00    119.00 
   2   1000.00    117.49 
   3   1000.00    115.94 
   4   1000.00    115.47 
   5   1000.00    115.32 
   6   1000.00    112.78 
   7   1000.00    111.42 
   8   1000.00    111.35 
   9   1000.00    111.24 
  10   1000.00    110.33 
  11   1000.00    108.85 
  12   1000.00    108.14 
  13   1000.00    107.80 
  14   1000.00    107.67 
  15   1000.00    107.42 
  16   1000.00    106.99 
  17   1000.00    106.84 
  18   1000.00    106.56 
  19   1000.00    106.10 
  20   1000.00    105.89 
  21   1000.00    105.79 
  22   1000.00    105.58 
  23   1000.00    105.37 
  24   1000.00    105.09 
  25   1000.00    104.59 
  26   1000.00    104.04 
  27   1000.00    103.49 
  28   1000.00    103.19 
  29   1000.00    102.92 
  30   1000.00    101.85 
  31   1000.00    101.38 
  32   1000.00    100.70 
  33   1000.00    100.13 
  34   1000.00    100.01 
  35   1000.00     99.63 
  36   1000.00     99.20 
  37   1000.00     99.00 
  38   1000.00     98.12 
  39   1000.00     97.61 
  40   1000.00     97.50 
  41   1000.00     97.18 
  42   1000.00     96.35 
  43   1000.00     95.91 
  44   1000.00     95.34 
  45   1000.00     95.08 
  46   1000.00     94.88 
  47   1000.00     94.77 
  48   1000.00     94.70 
  49   1000.00     94.56 
  50   1000.00     94.00 
  51   1000.00     93.22 
  52   1000.00     93.00 
  53   1000.00     92.72 
  54   1000.00     91.88 
  55   1000.00     91.48 
  56   1000.00     91.23 
  57   1000.00     90.69 
  58   1000.00     89.71 
  59   1000.00     89.58 
  60   1000.00     89.40 
  61   1000.00     89.17 
  62   1000.00     88.88 
  63   1000.00     88.51 
  64   1000.00     88.15 
  65   1000.00     87.68 
  66   1000.00     87.46 
  67   1000.00     87.18 
  68   1000.00     87.11 
  69   1000.00     86.65 
  70   1000.00     85.88 
  71   1000.00     85.16 
  72   1000.00     84.89 
  73   1000.00     84.79 
  74   1000.00     84.45 
  75   1000.00     84.28 
  76   1000.00     81.70 
  77   1000.00     81.17 
  78   1000.00     81.06 
  79   1000.00     80.70 
  80   1000.00     80.10 
  81   1000.00     79.86 
  82   1000.00     79.65 
  83   1000.00     79.39 
  84   1000.00     77.42 
  85   1000.00     77.24 
  86   1000.00     76.90 
  87   1000.00     76.11 
  88   1000.00     75.78 
  89   1000.00     75.32 
  90   1000.00     75.06 
  91   1000.00     74.44 
  92   1000.00     73.96 
  93   1000.00     73.68 
  94   1000.00     73.25 
  95   1000.00     72.82 
  96   1000.00     72.65 
  97   1000.00     71.86 
  98   1000.00     71.42 
  99   1000.00     71.07 
 100   1000.00     70.71 
 101   1000.00     70.50 
 102   1000.00     70.26 
 103   1000.00     70.14 
 104   1000.00     69.45 
 105   1000.00     69.19 
 106   1000.00     69.12 
 107   1000.00     69.04 
 108   1000.00     68.79 
 109   1000.00     68.16 
 110   1000.00     67.49 
 111   1000.00     67.10 
 112   1000.00     66.80 
 113   1000.00     66.40 
 114   1000.00     66.21 
 115   1000.00     66.05 
 116   1000.00     66.01 
 117   1000.00     64.67 
 118   1000.00     64.12 
 119   1000.00     64.08 
 120   1000.00     63.79 
 121   1000.00     63.71 
 122   1000.00     63.13 
 123   1000.00     62.93 
 124   1000.00     62.51 
 125   1000.00     61.71 
 126   1000.00     60.67 
 127   1000.00     60.55 
 128   1000.00     60.35 
 129   1000.00     60.31 
 130   1000.00     60.18 
 131   1000.00     59.44 
 132   1000.00     59.22 
 133   1000.00     58.92 
 134   1000.00     58.02 
 135   1000.00     57.43 
 136   1000.00     57.01 
 137   1000.00     56.67 
 138   1000.00     56.18 
 139   1000.00     55.89 
 140   1000.00     55.35 
 141   1000.00     53.94 
 142   1000.00     53.51 
 143   1000.00     52.84 
 144   1000.00     52.18 
 145   1000.00     51.49 
 146   1000.00     51.17 
 147   1000.00     50.78 
 148   1000.00     50.29 
 149   1000.00     48.26 
 150   1000.00     48.22 
 151   1000.00     47.48 
 152   1000.00     47.28 
 153   1000.00     46.78 
 154   1000.00     45.20 
 155   1000.00     44.44 
 156   1000.00     43.85 
 157   1000.00     43.48 
 158   1000.00     43.37 
 159   1000.00     42.90 
 160   1000.00     42.61 
 161   1000.00     42.22 
 162   1000.00     41.44 
 163   1000.00     40.88 
 164   1000.00     40.50 
 165   1000.00     40.41 
 166   1000.00     40.05 
 167   1000.00     39.27 
 168   1000.00     38.92 
 169   1000.00     38.56 
 170   1000.00     38.31 
 171   1000.00     38.04 
 172   1000.00     37.93 
 173   1000.00     37.70 
 174   1000.00     36.78 
 175   1000.00     36.66 
 176   1000.00     36.49 
 177   1000.00     36.30 
 178   1000.00     36.18 
 179   1000.00     35.94 
 180   1000.00     35.41 
 181   1000.00     35.05 
 182   1000.00     34.61 
 183   1000.00     34.02 
 184   1000.00     33.59 
 185   1000.00     33.51 
 186   1000.00     33.34 
 187   1000.00     32.97 
 188   1000.00     32.79 
 189   1000.00     32.38 
 190   1000.00     32.14 
 191   1000.00     31.81 
 192   1000.00     31.42 
 193   1000.00     31.19 
 194   1000.00     31.01 
 195   1000.00     30.77 
 196   1000.00     30.52 
 197   1000.00     30.44 
 198   1000.00     30.15 
 199   1000.00     29.60 
 200   1000.00     29.35 
 201   1000.00     28.99 
 202   1000.00     28.86 
 203   1000.00     28.62 
 204   1000.00     28.36 
 205   1000.00     28.32 
 206   1000.00     28.20 
 207   1000.00     27.99 
 208   1000.00     27.83 
 209   1000.00     27.58 
 210   1000.00     27.50 
 211   1000.00     27.30 
 212   1000.00     27.08 
 213   1000.00     26.96 
 214   1000.00     26.78 
 215   1000.00     26.66 
 216   1000.00     26.29 
 217   1000.00     25.97 
 218   1000.00     25.92 
 219   1000.00     25.66 
 220   1000.00     25.53 
 221   1000.00     25.38 
 222   1000.00     25.01 
 223   1000.00     24.71 
 224   1000.00     24.53 
 225   1000.00     24.31 
 226   1000.00     24.18 
 227   1000.00     23.86 
 228   1000.00     23.60 
 229   1000.00     23.25 
 230   1000.00     23.10 
 231   1000.00     22.10 
 232   1000.00     22.01 
 233   1000.00     21.73 
 234   1000.00     21.50 
 235   1000.00     21.24 
 236   1000.00     21.00 
 237   1000.00     20.86 
 238   1000.00     20.65 
 239   1000.00     20.23 
 240   1000.00     20.07 
 241   1000.00     19.87 
 242   1000.00     19.66 
 243   1000.00     19.44 
 244   1000.00     19.21 
 245   1000.00     18.91 
 246   1000.00     18.61 
 247   1000.00     18.46 
 248   1000.00     18.37 
 249   1000.00     18.16 
 250   1000.00     17.96 
 251   1000.00     17.75 
 252   1000.00     17.49 
 253   1000.00     17.24 
 254   1000.00     17.01 
 255   1000.00     16.65 
 256   1000.00     16.32 
 257   1000.00     16.16 
 258   1000.00     15.99 
 259   1000.00     15.79 
 260   1000.00     15.49 
 261   1000.00     15.25 
 262   1000.00     15.09 
 263   1000.00     14.99 
 264   1000.00     14.78 
 265   1000.00     14.38 
 266   1000.00     14.14 
 267   1000.00     13.95 
 268   1000.00     13.76 
 269   1000.00     13.44 
 270   1000.00     13.28 
 271   1000.00     12.88 
 272   1000.00     12.63 
 273   1000.00     12.47 
 274   1000.00     12.24 
 275   1000.00     12.06 
 276   1000.00     11.87 
 277   1000.00     11.60 
 278   1000.00     11.43 
 279   1000.00     11.17 
-------------------------------------------------------------------------------------------------
